# ID ING1 NUM1 ING2 NUM2 ING3 NUM3 ... | PRODUCT_NUM (| requireTech1, ... | level)
1 1 2 | 2 1
2 4 5 | 9 1 | 4 | 1
3 6 5 | 10 1 | 8 | 2
4 9 3 10 1 | 11 2 | 8 | 3
5 4 2 5 2 | 12 1 | 3 | 1
6 4 2 9 2 | 13 1 | 6 | 1
7 10 2 12 4 13 4 108 8 | 14 1 | 2 | 3
8 10 2 12 6 13 6 109 6 | 15 1 | 13 | 3
9 10 3 12 8 13 4 8 4 | 16 1 | 14 | 3
10 11 8 | 17 1 | 15 | 3
11 10 5 11 10 | 18 1 | 15 | 3
12 7 3 | 106 1
13 2 15 | 109 1 | 2 | 2
14 102 5 | 109 1 | 2 | 2
15 104 2 | 109 1 | 13 | 3
16 300 5 | 302 1 | 10 | 3
17 301 5 | 303 1 | 10 | 3
18 7 10 | 200 1 | 9 | 1
19 4 5 9 2 | 201 1 | 9 | 1
20 6 5 10 2 | 202 1 | 8 9 | 2
21 4 3 12 5 | 203 1 | 12 | 2
22 9 2 12 3 | 204 1 | 5 | 1
23 10 2 12 5 | 205 1 | 5 8 | 2
24 9 5 13 2 | 400 1 | 6 | 2
25 9 8 13 4 | 401 1 | 6 | 2
# Set Base
1000 1 5 3 5 | 1000 1
# Crafting Upgrade (lv 2 ~ lv 3)
1002 9 2 12 2 | 1002 1
1003 10 2 12 5 | 1003 1
# Farming Upgrade (lv 2 ~ lv 3)
1012 2 5 3 8 | 1012 1
1013 2 10 10 2 | 1013 1